0000000000000000
00000000000003e8
0000000000000bb8
00000000000007d0
0000000000000ff8
00000000000003e8
0000000000000000
0000000000000000
0000000000000000
0000000000000000
00000000000003e8
0000000000000bb8
00000000000007d0
0000000000000ff8
00000000000003e8
0000000000000000
0000000000000000
0000000000000000
0000000000000000
0000000000000000
0000000000000000
0000000000000000
0000000000000000
0000000000000000
0000000000000000
0000000000000000
0000000000000000
0000000000000000
0000000000000000
0000000000000000
0000000000000000
0000000000000000
18
